89681
-69953
-81654
84614
18359
-35102
-46114
91798
78094
55071
-57614
92413
-1041
-68613
47
2183
-60922
56845
-99091
45454
-31574
-14225
94138
64965
-83336
29972
70590
-23051
-25197
-40367
-91553
-50994
81164
-39970
-15496
-8823
-83989
80370
-46307
-98928
-89829
-29144
-63315
99461
18150
1035
84541
-63177
-35468
-98935
6464
78337
-88499
51219
-47461
26781
98173
42038
-55864
58593
-1705
-78297
-16376
72895
59408
-83701
55477
90170
-51340
9009
75697
-30543
-18410
-95247
33558
94382
-2182
35873
-55876
4484
42944
-25912
-4809
-65663
-8028
-28141
-99221
38442
-14919
-34241
-23788
79942
-84286
-8676
38098
-7894
-59458
-64937
64903
81705
-4945
-80835
-66887
71798
29302
39622
27716
-34615
-19615
-24929
66794
33341
78259
-18403
-48211
85134
-69570
-57519
-24960
-89958
30447
95190
13447
-94216
53833
56336
7614
-87625
-82758
-74957
17674
-46720
-49787
-54466
37894
90242
14567
88906
-19627
66468
-38411
-28996
-16518
78467
-67123
-48159
90168
46048
78554
-32883
-3093
-17608
-42256
-78466
-93328
94595
-86517
37214
-68023
-2722
-41062
24064
-95867
91581
-62070
27996
-59378
82519
-16848
22579
-95857
-83304
-57638
97583
-82689
68753
20911
-55063
72719
-91231
-92319
61820
4491
-26723
41190
60185
-63515
27136
65254
84700
-56067
92961
-71947
56334
-55485
66367
-17325
-46296
55798
52373
-72499
-58350
-78041
81951
-68297
23731
-811
-31595
-39337
70848
-63915
-7111
58009
-46620
-53269
-73393
-84968
78336
-74707
21208
-99119
22973
93864
-98213
95390
53484
-49387
96642
67000
57713
60840
13925
-32755
-91033
75973
-54313
-45128
-34046
-94811
-64182
315
89874
76104
38050
43063
87214
21264
49084
-50631
28215
71754
-17887
54004
73029
-95176
22814
79549
-8236
70656
-69777
-97692
40126
-67511
86909
4613
-26974
61062
-28313
31041
-15648
-64633
-45077
-59197
-3040
-40751
73654
93577
53766
-68747
-48412
-60303
-53915
-27777
79421
-60879
-19077
56551
-94225
55580
81197
98803
26592
-22930
14399
73415
-83705
-59371
87316
62283
3783
87017
80833
-64221
-4351
92452
20778
-97343
82390
60515
-60062
80701
28828
-50749
-89245
33981
52963
-28199
13745
-44691
19330
-40444
-68033
79645
19928
93579
52416
-31316
83769
73198
-67356
72086
73944
85637
-11439
-23595
-16899
66155
-48120
56951
-82961
84540
21290
16835
-11736
-86065
30359
73497
-91498
40595
-37316
55257
-15969
-7949
81527
41901
-33819
38019
10089
-89552
86160
10551
-9114
1120
25076
-45302
-77540
51179
50362
-3654
-81043
72847
63068
-8669
-74523
-3618
-22019
69533
-11133
-75291
37745
6528
-30457
-49535
-57655
-4185
68777
-83121
-97401
90633
19111
-59020
82863
-67109
-12020
90603
13972
-91693
46549
86230
44624
99935
4883
12758
82569
58783
39451
66354
62574
21979
16205
16806
23761
-67140
-25295
-16970
71943
4661
58921
-1136
-26969
-30117
88482
-43451
47251
36043
-50582
-22010
19136
35613
81819
17723
56499
-1535
40972
45343
51571
-54267
45682
-71565
46472
-1681
25026
40957
-17279
9765
-90427
-26832
20615
-81579
-20130
-75782
33313
-45852
-43424
87397
34139
88842
-46605
54843
-93970
-45150
-22062
86810
-65647
-91590
-87809
-18125
91188
-91154
20444
83824
17735
30390
-20047
81238
-40950
68095
80291
15623
-22928
72667
-8182
-81559
8341
-66019
-15500
30381
35414
-89812
5755
37623
58311
79567
-39397
82348
84974
-55641
-60979
-37393
43170
78470
72180
-5392
-91408
-48798
-78059
-93382
-56360
-54289
47349
-80307
54235
-578
-7833
62537
-71519
-87948
-80667
-63403
-50780
66783
55423
-61965
-90957
43015
-98335
31312
34005
90226
-91478
-46239
73909
-86966
75093
-88325
-69098
87444
23468
94859
89514
-1802
63980
97886
-43342
29651
67057
27983
-40099
-84997
52924
-78625
72839
-77835
-23779
57687
30457
-92332
-19264
-79590
99910
-95170
-27951
86919
68476
58973
-77291
-20865
6736
92892
53021
-3920
-91812
82692
-30016
24762
20028
69548
83131
38882
-62258
-72594
26855
10365
19192
-96609
-21643
95245
-61679
-8469
-19289
66576
-76516
91880
-46804
-28667
-52276
18563
69050
-29903
38574
-14062
45674
-95779
-90479
44196
82345
4808
-45135
88149
-79284
47889
52166
-81846
-83677
41452
-38995
-83753
36783
-65821
65395
-9
-6657
9891
87895
28782
6103
-68523
80660
84951
-44837
-2441
-10492
75757
50762
9543
44134
86905
-796
26139
-1779
-2859
71222
44948
49633
-63591
40044
-38800
89472
59290
-66891
27298
-55664
98458
-97601
96877
94743
71370
80849
92630
18347
-8079
-19247
-44524
-54844
41415
-81250
-10359
-87004
54725
67930
-54230
-58448
93761
-9614
75697
94668
6570
45296
-80684
67352
-16417
25477
-45894
-40767
-56647
-32013
64340
-27235
60510
-13991
-51542
-84530
-4992
-42231
-6880
-99241
-72505
97329
-33391
-8799
93465
-51864
21860
-3392
-60615
85625
71202
-21581
88505
19087
-76292
-58240
99732
79461
96031
-79259
-49869
-19456
48101
20849
1535
6109
-11284
65173
-66285
-70248
28645
76021
-34539
-80335
19421
-51541
-96294
82414
-94985
-37730
-41166
33957
86043
26097
-48204
-15680
5845
-20592
-56460
-63411
-55814
-61258
44435
25028
23215
-35808
74264
50107
77809
-47113
41129
-3144
33719
-23110
-6603
51453
-46282
41069
-17085
-97433
78340
-30619
-75624
-20769
96633
-83549
59312
-30589
-63317
42282
55912
-65829
92652
59921
-43492
-24739
-52181
-6440
-78468
-73262
-85810
-86963
93647
-4410
-12587
-15314
-31911
77189
-6092
-65500
-32793
74780
56608
-95370
29549
83481
55226
-29179
-24616
-11898
68372
49602
66964
28526
3790
51732
10957
-51204
18345
-8502
54602
55800
70802
45581
-91167
11240
-11005
40870
53260
53065
-54280
38792
-38902
-28584
54021
-32374
-72314
29935
6309
23094
47884
-44401
50935
14504
-18959
-71337
-6518
98489
16528
11417
-33625
74832
-96435
-28109
-91168
48147
-55830
-41758
-7816
71843
85866
27276
-96169
-76546
-72309
43374
-23669
89557
96125
52386
71434
-85188
-85892
-10078
86579
67855
29655
17403
37689
50933
26157
-28861
-28119
-95265
62923
95823
41616
-45298
12198
-55205
86029
-72228
-82623
49692
69666
-88259
-61401
-73211
-50026
-84772
-30401
48632
11685
51486
-74744
46025
36537
-32604
-77125
57116
-15965
32564
22133
54117
-16310
33206
32271
-76872
-94581
-64415
-63220
-68988
-76575
16680
72003
81016
-50289
-11688
48060
11149
-91443
-76648
-82483
59429
-53926
8588
52884
-79990
12687
-90678
2144
-71302
-67640
80136
-6279
-25933
-87245
14180
-65374
63429
-23297
6920
86170
82374
11547
771
-44397
46665
99795
80253
74579
-14907
69897
-32662
-79787
59072
70499
12379
6538
32243
64705
31698
48495
33525
-50719
-41447
-99995
-84391
74878
-94804
62646
5548
89484
69014
-83396
-49255
7614
69798
-24610
2035
-6767
17407
-79559
85528
59966
24977
63493
-80796
-13868
-45744
-3685
63825
-52202
-7954
-92567
689
-67874
55451
-58752
40695
-89942
-25071
64703
11583
20604
-67198
38637
-59572
-22639
55578
-36333
-2880
-51135
-20570
-66457
-28701
57391
18411
11992
-7374
38040
-74025
-92651
30922
40120
-58894
59372
-51273
-52549
45778
-97818
-84076
13951
-61557
-36714
-40360
-71100
-62632
6375
7130
292
-70090
47255
-38638
-91886
-71880
-41887
80925
-29734
-33833
15052
-78768
97151
51685
52259
76154
11218
-43460
18019
37990
72448
-37020
-96391
-47540
55877
-52845
27043
98956
-60028
70509
45556
22653
-56427
6539
-88251
-82842
-51574
22292
44242
79153
-96925
79362
33547
-34835
34784
91281
-34375
-65824
-90116
-2408
-93297
81548
91867
22476
-4275
-68885
81817
25154
9760
-64250
85028
90713
76372
30657
33600
41644
-8372
-72795
7691
34165
-67707
5402
-28626
97981
-57639
39296
79908
-11838
19819
-89535
2195
45149
-2411
-9305
23442
36517
42179
31068
-82359
-6384
-16763
9937
51009
-98951
-27152
67845
60821
99680
23251
51743
-56046
-84437
-88734
50105
3961
-23992
-84913
96047
-53406
-53943
60363
-72625
84690
-90544
3515
-59264
16523
14099
-51059
-70984
-25473
7591
29865
-79885
58937
-29633
42762
-60130
-22938
-16774
-40902
-38370
-29994
40954
52795
-1902
80025
70367
40900
93543
-68261
-52180
21349
69169
-39163
-80825
21825
-11284
-35241
66756
19634
1083
42216
-60523
2196
98569
-68157
37007
39292
-26887
60343
74667
64963
85757
57350
-43596
68097
-56936
-94387
21739
-89944
-50580
-52722
92219
90554
73279
-11980
-42595
-76466
-63430
1834
28228
-50173
3613
93358
1947
6390
-29691
-99328
88638
55763
-55743
39199
-53585
-88674
65818
-89585
5317
36038
-35966
48267
24185
-86461
36653
13214
76614
10704
72835
72512
47548
-83409
24139
23325
-50093
21698
28271
82331
86375
-57977
21833
86603
-14996
-78974
-45346
-4686
89444
-8672
-81500
-99716
73874
-36041
58161
-19396
-75362
-13708
19966
57623
69355
-46945
-62379
60258
46291
47376
95025
-94215
-58348
-3226
95933
63886
-2173
4267
18351
-62553
54379
78538
52879
-91472
25889
-67363
-23981
76283
-48883
-11359
-49999
88919
51716
-86710
-98839
-44865
-85005
7899
62363
-33327
15312
44149
-81660
-82307
-4351
75490
-44570
83086
2669
69295
-12171
14948
-51659
77030
-21581
19224
69860
-78533
41616
-80107
-99994
50702
-73385
-20172
3456
33662
48179
77915
-47455
-80846
-27905
-64777
-82909
-98759
33275
-25302
-48448
-45467
83217
-25399
-14053
38428
-75013
314
-65108
-32132
-55419
-8882
-10575
-20185
75854
14425
-85049
-58956
56357
-97903
-94252
-90575
37359
18015
-58287
-87770
34442
85783
-63900
73405
39633
33736
65721
-79240
93123
-48406
-14513
68127
96354
68662
-69143
-88004
-57057
78669
-21621
-46303
18353
-38234
90985
19526
23464
-39442
-79754
52533
-33473
-8959
13990
-13479
-50710
-45620
-97136
70460
-15208
-87905
-98565
24854
-35210
52796
-89178
-75162
-37507
50824
72281
57580
-31039
-40522
46439
-58509
-4789
-27090
-94512
-34737
-39931
97677
-57021
-47103
97833
68356
47435
-10776
33949
60689
-30408
35188
-63663
1838
-87912
-73350
93043
-87394
-49763
87318
-9777
43634
-65138
71560
-73572
17150
-88369
-82000
37155
-15768
-47833
50561
49110
51194
89823
-96228
-20731
-80340
-90464
91887
23775
75855
-22686
871
-12270
39772
67206
82310
-10288
23399
47245
-26425
-64711
-79181
-70982
45143
9287
47366
-43562
-15596
16636
-28006
36330
22432
8911
60962
33215
-88060
-23564
58306
-4132
55693
-38522
86297
96960
-21811
81550
-79653
44978
-70674
37145
18053
79408
15251
-62305
22328
-14497
-42915
84546
-29954
90642
-69707
-95591
89315
-3216
-4635
29566
1748
98992
-26765
76928
-31539
76548
30026
67955
-23250
14281
92357
96946
90059
25223
46686
-96862
60390
95587
-81580
-33131
45668
-16114
39746
-73801
76518
54860
-68525
62341
94880
7443
60020
83093
-16940
-8012
-56856
-50357
27079
93115
21370
-10177
-13704
40190
46085
-54858
-60095
84984
-37059
-51760
-13072
56835
60783
-89195
79769
24248
57134
-23902
94200
92420
-55057
-7037
-62331
47841
747
480
-60012
91737
79763
-70135
-71000
-98211
-73241
-624
30785
-86794
-77935
-80891
-50730
-13382
65941
-94476
21220
-46736
33886
-39157
12568
59362
28735
40595
-91511
-63775
53903
54114
4280
28345
-9079
12335
26611
58161
27697
92364
40049
98499
-62584
-86938
44592
79931
-12055
61681
40421
51621
80228
76859
-84877
94919
46130
-14101
70531
-41953
73256
-21236
12990
85712
66445
-80578
28193
73655
-505
-6637
78110
-29825
77224
-37921
21616
-49646
-26369
91
-68336
72150
27746
-78613
31366
86927
63518
-90484
-16829
29482
31658
-75084
-38212
-89439
-63226
73381
95678
-97145
50980
-48863
4975
68490
-52009
68824
87955
-96345
68863
38071
-39744
-81341
36263
43482
34063
-21680
16958
74099
39248
-39472
-77203
25310
-33021
-96319
-62021
-82559
-32457
-4663
80114
-95747
66105
32365
33168
36409
59761
-57180
32264
82605
57094
-51410
9842
-77765
-87012
70870
-8644
3034
-32921
-39843
22853
60028
65874
-46658
2223
67548
-13543
4750
19531
-24019
-39244
47811
-36289
49412
83700
59991
-61235
36652
-37019
-22953
59713
-2431
60436
-38453
54064
30369
-53328
-21656
-29185
-20993
43186
54823
-59908
-61008
13515
-26244
12072
33489
-50156
-11935
-14840
47727
-19563
-37437
21454
65396
-28455
-52354
89601
-17454
52440
60731
-17627
-91121
6115
20257
29414
28258
34868
-43175
65051
-27340
88226
23208
-22497
71775
90946
-91812
97939
-10157
33723
43400
-26741
-63997
95129
35978
-61875
88765
-68862
51260
-80555
45889
87899
-38550
-46523
20077
-41582
-11551
-76611
27895
-50472
-10738
-77610
-73564
-79029
-92508
4783
-51404
-78322
-68913
-40508
26390
21968
69611
21871
72555
-60849
75300
79488
-32226
-86097
-80409
74486
1699
79662
24120
17001
42979
98127
46826
92656
-86276
-1327
29369
-23503
-69758
75288
61078
70157
69431
-87479
38496
-9179
14576
52026
8228
74359
-84517
-24424
-27612
-40446
46203
71971
68623
-41074
54887
49522
-1593
-80078
64208
-46278
-63173
-21341
-30595
-26947
-97008
80023
-70669
-57878
-60369
96622
-5062
-45559
9448
87962
96373
-91016
46884
-73071
-53347
71316
-66204
20285
25431
38514
-85096
43499
-88112
-33604
53196
-22068
86728
-61531
8599
39172
21937
-10624
65061
77127
71120
-19772
43070
-3222
-60205
57338
48020
-48107
93080
-26204
-44246
28457
4842
6379
-69462
6784
-57540
-59606
29565
-11064
53970
-71959
-39120
-26271
-71408
77094
10941
-87316
-71447
-21621
-36637
77792
-64953
52382
-2196
64237
38461
52815
-56007
62959
60055
16433
66222
-85420
-72746
-73188
21477
-9960
94198
29232
-69881
-98778
-50382
8109
59099
-14596
98354
13520
86393
71316
87641
90644
-78301
98816
-59280
8809
79521
-59872
88023
-25417
-64455
-26513
-94309
70653
-20305
11470
-84976
-77178
31106
-19650
-33571
-32582
41526
-21849
43742
-62838
77338
57494
-83911
27405
-69131
6204
27824
73623
-8085
-72216
-67979
-43780
-62722
16691
-47511
-87585
4169
44009
-19894
91233
76296
-50134
-18268
47927
-62915
-5935
94672
52793
70212
22219
93753
-23873
-78880
49680
6079
4687
-86656
69312
-90291
-20742
-58375
-71821
-96908
-66782
93013
-26173
-41546
-61111
-94636
29923
35962
-84210
78378
78510
-86004
56104
-76333
76446
-78415
-76415
-57379
-17756
30801
79222
69453
83530
-19044
31608
80954
1817
46002
27914
38950
87163
-76828
-16306
78714
42986
-3752
-75664
74042
95356
-94605
90487
25978
-81977
75178
13635
-72716
-59669
-22424
-2165
-63482
86906
-15396
-29838
7602
-10000
-14414
48545
56543
19141
-67993
5419
-33629
6503
36
98066
69142
77445
26866
-93017
-1461
45162
-82714
-20831
-94254
64209
-89536
3556
36060
-34655
7781
68481
97576
-20327
32388
43266
-26047
85881
-92532
67887
29999
11014
8604
55216
-69783
-71997
-8958
39831
-99180
-16973
-70305
88931
-16328
62936
22680
-43221
63491
-82718
95667
-40467
-62558
-83812
-98435
57053
-49666
18834
55313
52964
2951
99427
-17399
66026
-19425
81584
-59094
-803
34755
48857
-18825
49130
51112
81730
-17458
-8753
-75837
-95792
8579
63991
19983
-97659
-88066
-81369
14305
31981
-69031
83056
-29879
59768
74054
-77531
-22009
17211
53941
-21432
4989
76147
89807
-53428
38851
81374
50169
-53324
29573
-47531
-93841
60557
-20435
-80503
-97671
63642
14350
84110
-55010
66160
-22045
78052
-29279
39435
79665
62263
2613
12878
59932
-47398
-82517
-26125
48153
59220
-71723
-44780
86307
63388
47840
61540
-86373
93494
70217
-45552
-27854
-83785
28648
54150
-65703
71881
-87025
-34387
-6152
44906
13364
-26940
-28952
74045
33480
-81608
-51068
-54436
66097
25887
28858
82540
72897
-86082
-33078
30703
43249
-19827
-58801
27707
-42889
-95462
-83798
31658
-11065
-45913
-52808
16965
90690
34877
-36638
79398
46282
-33045
-31809
-15482
-82253
62330
38473
-1976
2888
56536
-60695
29060
93597
-56740
12395
65204
-56170
-53480
-36989
-54172
-32056
-38287
-64521
93686
-72451
-32035
7237
19662
21128
-76191
49382
-69389
30511
-22690
-18117
-36593
35005
-47320
82395
58882
-55918
-40476
-54983
97882
33987
-41045
39983
90961
-38677
425
62211
-31293
-53693
-96279
66969
-91211
64694
45283
10556
-67294
-75459
94348
20699
-35855
88600
17456
-78661
-45277
-78916
55520
7954
-3544
-46513
-86436
-19868
75126
-64991
-67065
31597
-97324
87349
-91804
-41140
14810
60674
57453
36050
29385
-74036
-25008
59063
85537
87264
-74720
81014
-92439
19163
-88637
20012
-54937
-89738
48899
-97419
45445
50747
-1660
26315
47462
83515
-13818
92065
-72977
15459
3875
11673
-37406
24826
-52764
-6870
-48154
48990
-42080
66781
-50475
-29559
-49505
-47270
67060
-49074
-80680
51985
3841
-50726
-89815
-63576
-13306
-65667
-31059
-45463
79977
13029
-82274
-43834
57196
-64828
-58805
-76626
-60639
20341
34011
3829
48699
-36136
-9935
58289
-65563
-27568
55391
-50159
73088
22144
14951
-80602
-61809
35077
99596
-16728
-32422
90009
21341
-28782
-22813
-73726
66423
-47626
83703
-49569
-68506
99271
3462
-81432
28309
-79916
20693
-88097
79877
26056
35894
-82402
-47431
-92787
-14289
37935
69465
-70015
-78901
-92535
29865
-99406
43675
-80763
-30823
93177
57233
-67572
-4252
95138
86398
18241
62166
25008
14897
68368
56694
-44077
61689
-90240
-34243
-15071
-80230
-28280
13058
-95793
28633
62919
-56339
24749
9864
-1945
4305
-81639
-20083
85293
80699
24162
78360
91646
-69764
-82635
46295
-81427
54304
70659
24680
50262
-9660
-6181
65725
-56962
92730
-43883
-44907
18083
-157
63688
-95936
-37861
41272
88733
-13346
-64232
-83074
21475
-36197
-35909
-65575
70154
-52723
-88603
-47013
20536
2156
85678
-66282
-57755
60500
36332
30924
64039
-37
-97301
-95526
12135
56027
37958
-10774
-53705
-1799
-48674
-18522
-25573
-91652
-1752
48657
17322
87472
-49231
-4950
-11588
42114
-26799
90520
-53002
59992
-8862
52985
13709
-8385
42005
-5667
85324
38799
-48853
-50498
27613
-9839
64622
29510
6644
-52318
-49754
-74413
-11616
-16436
22983
83736
98743
9684
-31815
12977
-76144
-47395
42281
-8138
-78719
54976
-25309
-7286
-30481
-44375
89957
38959
49066
3982
-42044
7768
13748
5633
66963
-14566
-20878
6078
11793
-21287
-73664
-19603
47546
99964
-7154
-23559
74956
54979
-1050
-55761
65498
-15510
-70586
79742
-43961
84256
55177
50395
-12286
-38651
1845
-1137
63838
30026
96659
-99068
39133
-58696
-1523
72350
-85761
-79331
-62318
-88870
-26911
3134
-23457
29892
-41431
-24455
-53370
-39243
21577
-15998
72172
-62461
18812
-85102
98897
19639
51073
-51090
24253
-37772
64569
72013
-12505
-42080
81090
-9526
47899
84642
-29757
-95515
-45918
56588
86272
86425
95098
96707
48331
10171
76380
-53961
62242
-44365
-16745
77372
35795
-49764
-56459
58372
95701
-94096
-49855
-5733
33429
68642
5276
-35295
65270
-12715
63754
79383
-15636
17222
16680
-53677
-29496
61485
-87925
-63459
-63084
74075
-41345
-8534
-99674
90550
-97550
82192
22388
97056
-46081
-33349
-47078
-26478
-66492
-10397
-59240
65801
-59659
85881
73485
26107
34393
-37124
40146
-79433
69697
-25522
-87207
5515
-16305
90219
94696
87811
-46072
45742
-38
-65559
-31757
-54299
-98853
88642
-58486
57071
7452
-79161
-22659
-26303
82542
62607
-44344
40248
-33069
68405
85431
-87163
47421
29583
-14833
-66315
15937
4746
-72091
93221
-90587
-49388
591
34973
-934
71247
90307
-19671
13884
-43896
93256
5413
-65513
-70829
-78344
63710
31390
-66320
-55852
77099
-3285
-80706
68418
71487
84127
49561
-47790
-64224
83295
40009
-98304
-54380
-80362
70049
-83087
52121
45032
-60441
-8181
-10843
-26382
-50293
-56246
-65152
-96283
-58198
-64895
-58076
-82037
-39361
89809
-15236
-91215
82875
-86636
-82398
-48026
48605
-49908
44005
-65281
-93337
-23207
-17060
68177
96044
-51710
26119
93433
99593
44904
-72388
67084
31093
68454
125
26080
43552
-95162
90432
-36293
54137
92803
38756
-27855
-70887
66341
63620
-65645
-37930
-77044
-8046
23015
40622
-73279
71861
-19495
48606
84533
46705
-13712
59105
39496
19757
5055
-28027
-19846
-26012
60173
-17058
43911
43863
-20676
5784
-86026
-66783
-5120
94028
-13866
52116
58433
78092
99557
90687
-65214
6182
-36704
17293
-5006
-19135
5075
-95364
91004
27310
61205
-69315
27094
-66074
6335
25052
-13499
55472
6092
2124
59667
30365
-78151
416
-43767
-43771
11293
21580
-74582
86149
27722
5258
-50689
11953
-80429
-40463
-94278
-69328
51024
2896
14151
-17306
-89614
-94657
1102
92597
-88682
-35866
89574
28932
-90769
54447
-4805
-7972
-27272
-59491
-36898
75194
-4153
31192
-77759
72202
-10843
-15771
-98004
64418
-63448
81835
-77966
-8448
76481
-96699
-87561
-57559
-3392
44678
-51276
87888
-98842
93777
8949
40929
-13619
-14524
-7374
-44122
-10384
74480
-91395
-17003
-12568
45850
35509
59941
-86015
-29534
-42677
-52365
99094
45609
20122
-88266
-74980
87151
-50918
27089
-39230
-163
-96182
-13150
-27144
-28963
33714
-50043
48049
-27871
88360
-29697
2119
-79858
-31621
63927
7002
55860
-98177
-17730
813
-92646
-29872
-13173
94711
-1705
4889
21446
-31713
-33210
83805
21308
-62974
-49036
99783
-41609
40061
-67366
67323
-32420
-79811
89834
38699
51160
44561
64194
66412
-23052
-75085
14489
-42825
98495
24312
51408
-79279
93506
45201
-91027
1107
75741
-87744
-4499
51074
47664
87849
-88380
92296
4971
-25258
-91394
69544
65897
-10940
-96739
29268
-44138
-50227
540
-72864
-53393
82591
-52166
-67101
-6010
60707
-63809
-10405
-87953
44161
77843
27210
-494
65243
-50415
-28174
-22906
80025
81702
73014
-46471
-71590
59753
20350
-69267
-33907
-8841
97519
50915
22413
-65592
49133
-9469
-70581
-30487
4241
-23640
-62233
97991
-42903
20395
57622
75689
38939
-1972
59436
-29428
-94569
-93736
130
25641
-5794
73471
-54394
-63767
-47568
92607
14800
-48724
-40903
-54828
-12104
95881
81656
74082
82584
31499
-9047
92941
68463
53864
-87826
-5426
8388
-10252
-99222
-95526
37818
37274
43049
-25083
981
90187
59093
-59893
-48486
96901
-75854
33289
-32708
70693
-36247
-51264
-23607
-99789
16761
79580
-45922
-94934
5563
76364
29865
46694
52577
-8194
-91866
-85228
-48918
48709
35832
58584
-94495
67383
-97928
-71998
-8954
35638
30138
-19422
-53168
64945
14255
18290
74120
-50903
89250
23374
16079
51427
-69998
55134
-9282
-85388
39194
-79933
-47885
-53375
78938
78855
-7483
-78356
95031
-6959
-65257
94943
53984
27290
20730
2856
-75713
-41772
-12921
-38492
-41918
63342
-74783
21943
21681
99164
2718
-90374
-10905
77255
32223
-71950
74977
67699
4869
57389
42578
-38237
44000
90001
-55124
77820
78282
-6294
90488
30740
60787
-85342
59130
55985
82008
77030
-48230
92092
-59516
36933
-91090
13990
51274
-6228
30843
19615
64623
75824
-92711
-36239
72683
-43564
-13677
-61667
-99840
-67742
-89651
20822
-51015
85880
35848
-66238
86356
25975
98533
42087
-96846
-61502
-23219
-39975
33301
-67207
-9304
29358
-88991
28487
6905
62826
34767
-92466
-68999
44440
80127
53642
-59505
-37419
90421
-65403
-32505
88829
58143
52461
31280
-90108
11384
-4632
10578
63211
40961
-5436
-11748
-235
-82236
-91471
22591
-28068
-97298
1108
22610
32046
94832
-66444
59754
39398
96503
-37801
-12003
5833
52058
-95701
90501
11250
28487
17380
3065
24176
-57913
47517
14411
23210
-91192
88290
-16056
6833
7840
-43240
73550
88706
-1039
-67501
5816
-51716
-25851
98641
41050
3811
-57941
-70553
-38555
-61171
61752
-91516
-43974
24258
72396
40289
-24577
63226
-70499
27226
74097
-83032
-94079
48981
26396
32837
-105
31166
43793
51003
-58204
-73470
57627
-39815
-45632
47537
-84412
-8683
-55704
93781
-84605
45036
-31960
-49088
-91500
23166
-59262
64861
-90942
-89802
4470
41028
-95190
-58438
80468
40676
-90212
-62293
-13808
-40412
6346
-72898
-64223
-85811
99466
29481
53918
95157
35932
-78379
50907
78211
52769
458
-80722
67065
-96509
50426
-88554
98053
19647
-66162
91842
72890
5137
-16614
-92704
31682
34133
26990
22987
60743
-62472
-59604
-23057
-81735
7890
96309
17450
-87839
14974
-42572
82952
-97124
-15011
-15991
76589
-18517
38306
29916
12011
14203
66473
-26661
51327
96323
-5289
-32638
1424
12541
-78364
48364
-93365
9479
55534
41546
86240
-73413
-1022
14784
-30074
7012
-62535
-16187
-71923
38739
66531
-69420
38111
-80571
86295
-83364
-88414
77511
-76327
-75317
-70604
81895
88143
-26773
-15871
-54113
75151
86346
37323
8963
-23211
-40658
-56766
40808
34465
-62757
-96771
-39552
-17673
65449
-23084
-65055
17846
49821
-1427
-3571
-90002
52023
64718
94796
77123
-23617
7173
-69402
52431
-10562
-11677
-18649
-6625
-24961
23393
33594
21367
82946
-28461
-89736
-33166
98250
32436
-52191
-50770
41147
6245
45800
28031
12266
84309
-18273
-620
1982
25389
-68911
54434
-90285
71501
28508
46603
26166
-3072
51769
-84599
-55955
-18228
42049
86011
93752
-55012
1785
-79387
21082
68706
-1625
37389
-75474
47242
-5756
77019
-88997
53788
-31621
-14844
73633
-83539
-74012
-93094
-70185
-8910
-66043
-70274
5982
91622
27532
64185
-45807
-95309
53994
-46179
95414
-65787
35685
-20118
47475
-1008
76951
-79000
6305
-45028
-64404
91840
-96710
58138
-43791
-93888
67367
12291
-96885
-26365
56629
2028
65379
58430
-34107
-5632
20902
56526
55533
69264
95721
2869
-23264
49824
-20251
83529
85401
-26569
9705
-26206
54693
-73061
-67782
20968
4645
-60886
54189
8605
-83990
67973
-38235
85986
59983
52259
-88054
-47828
18300
41338
46360
-86296
57180
19405
57803
-28478
4353
72607
-11667
-72107
-66260
87821
-45384
10758
-19537
-36301
-22569
66491
-29402
3733
88619
37212
-70837
-11117
85867
70156
95438
-26533
49157
-91171
-52051
96982
-14605
-75015
50435
-54560
99670
72139
7402
-65549
71342
-3775
-29645
22710
-46328
32181
-29777
-99945
-36773
-33484
-22940
-15205
75407
2433
87674
22765
92845
-55496
13687
-3424
8547
-85570
-88393
1179
-49029
-42855
-9265
58542
-11831
52794
-6215
61006
27191
-36749
-25333
1057
77588
27771
-44699
11661
6647
-6332
59963
-64131
-33650
94131
70179
-15428
-78262
-38992
10616
99229
-2611
-52836
14798
19770
84796
6597
35531
49812
-75550
-1060
-68434
-59090
-12610
91622
-85137
-16639
-59751
15563
-39546
-25284
-43326
7199
3489
3895
-62409
-97655
10949
-34182
31506
-45291
-35555
74328
-66090
-29820
-91075
-23000
48764
-45718
96356
-97289
18898
-63085
-93972
93055
-83573
97538
28957
60202
8179
-14735
24585
-93984
-50632
-95415
2938
53137
56181
-32019
-32957
-13502
41898
11644
68920
71739
95813
46365
36145
74033
26936
-77208
-46435
63239
-55073
34141
62857
-40547
12295
-73531
15999
54934
94166
-78999
-23655
13755
-66189
32089
34232
89085
-81821
-31301
8141
-24159
110
85415
20028
98332
-22581
38787
23472
-77544
-61878
-87249
57586
-95669
-11732
86100
71375
-60607
-64221
-11875
-27824
-2914
55249
-20795
-70813
55508
-10247
-45020
-57572
4565
35731
-50451
98049
90471
-99678
38534
-51466
-86615
-91915
-47587
-99173
19533
17549
-34005
57519
48366
-94527
-69597
-19481
-11543
55712
-70098
-75068
8163
-80284
-50947
36005
41577
-5317
-6040
59691
-68110
38320
-68785
-65274
43418
-95514
27927
-62308
59681
-32601
15747
33778
-58694
-39684
8473
-52748
-11585
-48045
-52042
47658
16337
18337
62263
-66033
-55828
31230
-76422
-14623
4431
-2130
-88871
36859
79525
-96748
50926
-55040
82084
-75775
60903
-11323
-44128
93301
95829
15800
-6194
-84641
89574
-12813
23347
-13799
44322
79212
-87671
-48731
-84489
13045
80341
-47496
-87702
-27030
-69715
-6862
34722
-35667
42267
-92223
42002
87108
-47279
51093
-2826
-30252
-13860
1339
64360
-43007
-54630
-8079
11498
-17759
40020
92004
-69506
52500
84742
-60127
50734
-73030
66681
18
-54053
-85795
-50875
-11763
55890
98119
-32693
94152
96500
85837
23908
13312
58118
-848
45046
-34149
72724
5090
50407
93659
38898
-47752
-83237
-65589
-41803
22436
-26318
-34963
79284
38837
-78688
-20671
-92230
40962
88476
11530
10450
-71661
-85622
51832
48060
-30230
43066
63043
-90740
-80385
-61667
-40530
40363
13325
-65854
26860
-93611
-45653
69936
2788
84994
14407
85888
-86306
-58068
79295
62800
-27941
48595
50646
81306
38291
8455
-95432
-7150
12662
93225
29066
91158
-78814
-99006
-87110
-61287
-12298
27699
21497
-21809
67187
71380
86155
58512
-83480
67378
13511
-26540
-35916
-83681
-87099
-41813
59694
-43605
93949
99141
-21940
31816
46661
56693
47602
69147
91805
-91403
-27476
6039
-77850
24497
-44402
11936
32628
-82445
-15903
-98482
31804
70819
67013
-67235
-13175
56674
70774
-41364
39885
-53010
40116
2882
-80036
81289
-84833
-94831
-22322
23588
-44695
20437
47483
-2397
78652
23468
46612
-18045
59913
2199
66840
-64023
1105
-32955
81818
-54980
-17398
82010
-55677
-81260
19723
9272
-99016
-42207
-99504
-77148
91708
-67039
-18468
-44898
-69414
77835
-51196
-75606
-30900
47712
-88687
-36307
50943
18302
36071
-24513
24372
-55464
74953
-42578
-4762
-96727
60062
43460
-11615
-28959
-98519
20573
28220
43573
-33568
39784
74783
92046
-19489
-6319
-77116
30901
24152
-11324
27736
-5317
-3250
-21464
-31567
95622
-81632
-87249
13384
95281
10493
20657
38121
92214
91401
-88429
74165
-93327
-2948
79301
-74841
99226
-38520
-34729
-50691
-7554
38487
97056
65404
17080
96373
-6137
94340
92594
37997
36767
79874
5856
96312
-37150
-40203
21618
72792
-15921
70797
-63418
-40139
-27455
95037
-53776
9457
-51596
-83276
97886
-12414
13931
-55682
44783
-19324
-46289
50479
-67229
98383
80943
5164
-905
-79332
-62639
11876
8138
82387
88217
95702
-23370
-51799
-43104
-23069
-85523
92531
79863
51723
-11434
-55103
-63737
72023
-40532
-67317
6151
-74528
-52044
3240
68418
-67040
-22547
-61702
42282
-76744
-15278
5983
-6320
-78787
-31170
-73432
-47724
44902
49522
47110
-63281
-88565
92130
-7241
25136
-60241
-34586
4467
-20751
50844
73839
-95667
84991
-27609
-1075
36848
-50484
-44408
-22311
-23300
-95172
-52828
-76442
-24022
57224
-15585
55087
-61321
-72245
43179
-22641
-63469
-4634
36124
-77283
84112
-73662
62316
76922
-40783
-93988
-5419
68390
66562
99497
57268
31474
-95133
-37830
76365
-13060
47118
-54289
-99403
15497
51628
77328
39602
28295
33573
90011
-26549
-62479
30765
-68485
76686
-47519
-4702
-63522
-29328
-74014
-27057
59372
3938
-45058
-32920
-30081
35342
-18037
10646
53009
11646
-80768
73051
-9796
65916
38278
24950
-97155
-26144
-35784
35740
-73536
-50206
-53087
59897
75615
28271
57244
-79837
62425
-32273
-90845
-20280
-73611
-13638
-35657
-19791
-1160
83595
-18775
97514
-51037
-47309
-49090
34130
21424
-18050
-41854
85087
21196
-71443
400
-26918
-54462
67059
-91776
-32070
-99082
-63096
72307
-76285
-89688
98670
-87358
86545
-45055
-54551
7837
-10981
41229
82353
-75260
65820
-45112
94253
60650
-44142
-62439
-555
-72133
-8658
-84891
-90867
54467
71497
-33675
51071
-10517
-22610
62996
-37455
34220
75006
-88775
-65213
-35016
50641
40414
99867
-37687
-61533
36009
-13280
-68844
-29579
66801
8840
-44844
-85557
-66850
-12406
26963
-78049
-40415
-70226
91438
60691
-42565
89735
-17149
70111
-34879
456
-99223
-88176
59951
27010
-36069
-25977
-53552
-6667
58549
-8131
-27076
94326
4794
-15303
60949
-44819
-4336
-51778
73483
11054
988
-65456
-34488
52374
-29636
-71296
-26798
85497
16580
12332
30684
-48919
-55107
8386
90933
51830
-66188
-25384
-34884
11728
-79573
-62136
52642
-80290
-17517
-47579
-39397
-97608
78201
-9729
60009
6119
66233
-63490
61401
-69891
-87573
28465
-4635
57979
63471
-14662
38529
46430
72898
90335
13549
-75951
51645
34386
-30219
-48465
-28032
68182
-30870
58019
-65773
-39355
-31640
-98954
-75536
-23251
-22549
-42936
86348
-50374
30013
-45591
-48539
-61952
89737
67516
-99727
-46950
12857
58631
51377
-77512
17854
42621
-2742
6561
-80297
-29361
-25889
-67998
-70116
20383
65062
38910
20412
-8160
-77645
-40354
80129
76844
44301
-67439
29425
80369
1138
34218
-72076
-23703
3866
-27807
-31249
-19245
62896
-59110
27448
36142
-98873
-57757
-9070
65997
-13105
-64400
97755
19253
83506
47230
53281
-26723
-84475
-7349
37776
-60988
-30521
-80973
51022
22973
-19212
-63731
-60855
76442
13843
45143
-46934
-93512
4063
26950
50525
94232
-83675
-37492
43740
23192
-48192
-67321
-67454
88878
89967
-24772
-1436
83603
84863
-43987
94862
-82585
60774
18902
89967
-11328
-10440
4331
13899
-83294
51179
-40369
-42475
34694
-81168
44446
-93162
-53643
-53832
1392
-75077
-47193
76802
69140
51023
-71377
72699
14268
-4120
-72126
-62593
65058
-34038
35552
-52038
78489
22761
-82877
-63117
-98343
79403
-97398
17218
2486
-50532
98283
10776
-51539
49509
1052
63333
91723
-69650
24551
-19009
4297
91424
14550
35714
-83959
99256
-87460
-62127
-5225
-94254
-11029
-99408
71296
-80011
45121
27913
81657
-72636
53508
-7917
-5670
-75892
-13055
60482
-38893
-80438
66690
-36177
6906
-88202
-90235
-5742
22685
-24423
-10535
-16275
-12380
-18056
14155
-8486
-11645
-40537
-30352
72248
15499
-88278
-9760
56312
-75622
-37311
-55880
18862
89695
71604
-35543
69870
40980
-94568
30774
28320
99642
74226
-6134
-71553
60782
-10493
-6208
91121
-96288
60016
-71622
47184
-7645
17412
53247
-60386
-55699
-59427
55111
-73658
-91492
-63288
-43
-29929
-61011
-33672
50120
-54627
-95869
-48803
-99552
-18374
60707
-51480
19736
80757
40965
-12651
67256
-91439
-99170
79294
-9003
-97705
18752
73001
-30206
53701
-6190
-13008
-94672
4076
55309
72708
-54200
-24469
28812
45851
60492
-99981
41225
126
-88735
-65929
-81371
-89456
-39800
5572
62697
-43448
-6316
12175
85112
-51717
-30023
-77081
38542
-89964
77954
-52917
76298
47035
38585
-18411
-1899
-70794
61361
-3130
7542
3962
-96572
17911
-2217
79278
48046
74321
-21333
84638
94310
3393
29320
-70106
37742
-64638
57251
25941
-22458
24549
-59443
18044
-16954
83755
86974
-30593
84198
-52825
-81415
-94670
-81114
70096
29021
-5721
62873
-70920
55882
86821
78878
-38636
-92402
-15179
12729
64606
-52134
-21748
78099
-94273
12119
-47936
-66835
-55528
-85071
16893
-52705
49174
48375
-69351
61333
-98163
25979
48200
-9318
-84180
62429
-65722
-60098
56878
-23294
43832
-3499
22941
-20760
-56632
19659
46893
-77564
14579
65386
-22306
-5843
20034
5017
94562
-92521
-1381
-69236
86484
-76714
78178
-70599
-292
77524
-57748
-83068
56359
76467
-19508
-86688
48362
-13173
-49650
63551
-55615
69683
37175
70210
-49657
-61241
84243
79894
212
-41125
56648
43649
-11349
-86678
17727
2599
-91784
-28855
-97568
-12738
-62756
-73970
-98261
-69481
-68928
76730
65767
5342
28346
89878
-36603
51865
-43550
-57557
-39559
34260
-83174
-67689
22910
-75460
-75936
38213
99269
42692
13035
3726
-85102
-64413
43812
-34496
24947
-6036
51228
-40320
-76925
63218
9643
-34095
30292
-86810
3597
23593
-32453
-65869
-69736
85539
-45574
41314
65863
-49729
92765
-746
-13785
35399
31301
-19405
89378
-52996
-79339
-66080
34257
16994
-92249
93978
-20036
69185
70396
45230
-25801
-63502
88475
-52170
63496
72009
7002
21622
72966
-4121
-6852
66743
-28202
-58297
-91876
-65996
98738
49836
67305
-39444
76537
-2606
64908
-54531
-11377
75780
-46914
44264
33218
-3788
60165
-95301
91632
-56499
-51350
31441
73259
61791
-97954
15613
-56780
5333
-9413
-98025
-12234
-1992
-50583
93303
-25328
15435
-66036
-42345
-14242
-31293
8797
-77429
-74879
-76974
13720
76017
44053
41440
89476
31741
-46422
-88335
70130
-88557
-85684
82650
-38372
-63641
-13748
-79564
51447
-75452
86754
33874
-32920
27112
-94944
-52602
-11569
-22321
-10665
-44831
-9353
-17874
-85671
6018
45540
94388
-24074
67869
51360
-32591
91236
12158
-59291
78693
92625
-96004
95160
-66688
-34770
-96191
-86882
-16536
28291
-42252
-51127
92938
58539
-75077
-68495
-6024
44715
9281
-77349
-23553
-9900
-82883
-18480
-59852
-13939
-55365
-1218
11409
-4368
-39931
33183
90004
65708
7349
-21163
-98503
66432
27354
64699
12401
33318
50076
24005
-54932
10593
-18207
-39554
29408
88895
-62764
5023
-39366
-73696
39824
-78696
-96892
17152
48113
60628
-43123
77181
17841
90573
89683
-26242
-12450
9461
6778
83212
38850
30662
25264
-31540
71115
-52813
18588
69883
5897
-25994
7338
-3596
80624
57922
-4534
-82246
-8855
43021
34181
-97634
-39969
-85752
10912
-18831
4268
-55121
59356
87719
-23554
2105
-78295
-62080
46515
-27783
97047
37855
4852
-16503
29615
55387
65198
-73351
47616
-43491
30318
-5367
41626
-17161
-80936
-66749
77197
-48571
96066
-1
73123
-7494
-96683
-8762
91376
64689
-55988
68555
41808
-99827
48265
21851
44221
-18506
-23574
-130
99058
18844
-29152
68503
47568
-23590
-18687
-6157
-57811
27721
-30920
-42699
-59269
83035
-70548
33295
9574
82914
-16814
49928
6264
58000
22964
30361
72944
-88159
-51454
98289
-4131
62770
83397
-94685
-56026
-91719
-21154
-37238
-19419
95357
95644
-87790
-21995
62194
-41538
-37255
-74619
97336
55750
66826
-13988
-25420
-69671
-40906
-12402
54217
37663
65050
69653
-53407
-56955
24021
-55980
65041
-4732
76906
-82088
62757
27506
-82315
11644
-70925
-70617
21845
-45640
67362
80475
86904
-71552
-10283
-60538
-26657
-84030
98318
34664
33883
71697
50369
-9413
12855
31415
-89699
-32460
10822
-19384
-75109
-30105
28666
-8342
92127
-74515
65201
-22706
-9430
23309
91135
-76542
3231
-31078
-55782
88318
-33174
-1540
-49059
-52836
26448
65736
31246
38231
-59258
-93496
20433
-92111
59336
-43727
-70851
-11430
67035
76081
-87141
32233
-1861
86691
31043
99004
-729
8688
88282
-73082
-96109
93532
21677
65490
-62525
-19411
-86729
-8026
-92717
20635
-6328
14876
-98574
-18668
-20284
-38825
40840
-560
-61429
32060
89315
71612
-20280
94087
-48990
-8165
-3463
-44686
-43434
-80878
-49452
-56892
-18973
-43539
16807
18042
-55486
84195
14479
9345
-95734
-88587
-9067
-62697
94130
-72656
39232
68436
-75494
-55706
-89766
27006
74003
38948
6989
6198
71916
-30542
-48412
69615
45796
71659
41483
-25812
92923
-77780
-71007
41076
-94237
57772
-10173
46339
83463
-17246
-32346
-997
977
62462
88226
-35557
81678
22136
-15326
-3728
-41963
14671
26370
-43899
-2382
68719
12950
75346
14529
32423
75113
92985
-42008
-36767
37262
21596
22239
98543
-89545
55917
-34784
-96582
58482
95858
-72240
11047
83856
11636
-38223
93206
14106
75456
-76468
36498
-50683
2114
93829
51627
89474
-92120
45456
47322
88933
31587
71771
-51807
-19563
11238
53260
61759
80720
33792
20094
-49202
-62702
-7332
24950
30100
-34901
-58245
-6261
-9869
72438
-19810
25909
-77710
-5784
-82991
-88856
61206
89570
71168
-26774
-92407
18055
-61104
66784
89412
48060
8303
67558
-98853
-44074
-36562
-49020
-39025
-91629
-94178
9276
-44406
-58621
75562
-98933
41362
-27536
-40952
-58690
-73305
73895
-30948
-95808
-96143
-97894
78791
42332
62957
-54250
90641
33345
-99101
89554
48503
-6560
84371
93559
38709
-51875
-93190
16587
82860
-38882
98566
32037
42181
68488
-14527
56039
-1669
-36338
25397
-23582
31331
-14949
-69973
21291
-66744
-95983
19923
84282
2588
21628
28057
-68014
4565
-42530
-39628
-32129
58215
-13345
-65076
-60022
-56250
-64583
-91620
-73742
73986
-32786
10049
-49775
-89735
-34672
70215
97832
10566
87261
98351
58170
43899
92095
20692
84165
-15521
-19173
53543
-41816
25866
66529
55180
-35140
90228
-15762
-69207
-1409
33283
86947
-87391
-50934
-43550
-51644
-45041
-53149
-2530
17559
-73618
22573
-94745
5112
65506
-11082
16561
-58432
94620
51015
-4348
-36906
16113
85209
-78255
40121
-60218
-33460
98922
49271
-20490
38993
16981
-44542
-34091
39964
-39307
70878
9176
42114
-68928
-84306
82765
40816
44045
-62393
-24607
-77466
-55893
77933
81954
-86295
-70108
-83226
53910
-79136
14513
46753
40749
42913
17505
19292
97051
24689
28163
-97139
26645
24050
39287
69963
-41477
-45312
-42377
92312
-58458
70155
-98846
92969
3037
93919
-51047
-68530
-32533
24928
80255
-9631
87982
85009
-95634
-76509
-81430
-49690
-71256
-49123
69596
10798
81035
53418
21765
-67499
-38207
1390
2347
30790
-60109
24275
-65039
54929
-88957
18644
16369
-79379
-40709
-44776
80736
-15755
7869
45904
-44730
-57099
67220
46611
83007
22034
11547
-15842
82852
-34739
35457
-81502
-65240
-98477
80943
-21316
645
6238
-82363
-83097
58411
-21550
-37760
-97265
-31748
-8461
-11628
34075
9303
16268
-72663
20074
28810
-34296
15908
-84255
-25540
-69400
-5133
-83788
-35822
30104
-20252
85271
-58894
12366
74020
74113
-20660
-3239
53153
56135
-52532
20381
8353
42195
40951
41320
91080
-24057
-18609
-90040
-24736
74896
-36760
1208
-52968
13696
27331
-21840
93312
-79683
-87580
-95557
71499
-2143
78507
67878
90002
-81183
-16905
-5266
-89582
6948
-12337
-67667
75997
-2440
83713
-96875
18114
-80007
19822
-32830
77070
-79579
-63130
87063
6716
70231
-68978
16132
-83594
-98223
66313
87624
86940
-66005
83317
54743
-69812
-39202
-53763
-96269
-73993
26313
3013
-13148
87501
75342
-16513
10584
79240
-31137
93279
99349
-14021
35668
-25189
5086
-57490
11259
74684
-20420
95744
-80363
2977
-17056
13343
29196
-20276
75334
73382
39843
3345
-46284
-59697
74756
68846
-29294
87856
-94156
-67150
20676
-34523
-71884
-16315
22552
-67578
-16119
-9172
-69577
60870
97595
-2793
84302
53933
35174
-507
-11208
36039
17267
-60342
-45873
71474
10503
79722
-15498
-15576
88192
-89378
11239
73933
43967
4233
-39704
-54508
62561
-4496
29710
-3999
77341
-27989
90348
93687
21310
76518
63026
88651
40400
-1318
39937
53716
29024
6881
1169
-17017
71470
50368
75077
-63870
53315
-35224
30257
40392
67746
-94250
72845
67812
-22394
90876
81481
69125
-69056
-11156
-82253
19670
-22515
-14567
-48172
75629
-75128
-74816
-83773
-92865
-66279
-34184
-44897
-31006
88278
-25955
93759
46767
-60932
-33152
-43914
-19115
92443
77418
13056
42682
12082
-32035
12058
54259
-60215
39553
-8656
3296
84724
-71777
-93470
64205
-43205
-38070
76545
99307
-25821
85332
82680
-32491
-58532
-75114
62828
-31241
-84572
35043
29012
22010
-60089
-37948
86456
-94060
30838
84295
98576
27040
-35109
36985
38799
-17801
71543
78337
-75810
67091
33045
-99378
-67241
-18310
-79977
89533
31851
2641
-46237
66866
40941
87930
-17228
-74777
51836
57997
-20661
93036
86763
-10578
-54095
-31948
93067
33929
-82769
95667
49755
-22995
40766
-59900
16741
86671
41064
-39390
-59400
-81634
35166
-98272
-37258
-56565
59318
31308
-64466
-24763
-21
40039
-14280
58191
-56464
73876
77621
19703
-66448
-489
-32503
-73671
-48168
-33611
-20668
32134
-50137
-41076
34265
-64280
87808
93271
42560
-38115
-2402
50338
6169
-41894
-67532
-81353
53087
459
56994
-6962
-71577
-89565
79408
-37078
-9374
-59215
80409
58874
-43645
71383
47863
-8885
78368
-32937
-34370
-94795
96208
-1070
86537
-29040
-50110
-95118
20658
-22232
-22242
-52427
-92638
-24944
897
-41708
7412
15785
37724
-3656
28238
55339
-21106
-71917
-94502
-63984
-4465
-22563
-75677
27081
-89453
-52468
-80222
91844
-78550
36761
82722
-41027
32188
64466
88325
87518
-68122
51128
-21295
-12180
-67365
62430
44627
22355
-94474
78630
-45268
-22089
-65255
86238
-19722
86173
48942
18238
-48879
-20023
-97864
-54449
71770
-45372
-90142
39828
-5328
29392
17346
-39501
53287
59313
-29866
-40395
-11893
-71496
-11520
-32736
21197
4186
-23610
-52608
70973
22756
51434
14879
-11152
71639
60238
11418
-77227
21105
98747
29593
89298
-28301
18022
-26154
-89325
94306
51729
-24715
-20913
-54006
55816
77240
-46738
-61809
33120
-92650
-82121
-94001
-97047
94120
-82731
76906
11388
-52934
34594
-48419
79868
47158
24902
56075
-63772
2962
36722
-77772
-39677
-26993
-4983
82816
-70504
42609
-31395
-37121
40508
45832
65000
47042
40340
-63309
-94390
984
-49122
4252
25170
90084
64077
-26600
43882
87071
-3969
-31280
12984
-88363
-16349
33885
58237
92513
-27945
87341
5276
-26695
9121
66354
-28698
-77309
88278
38627
-8805
-28618
40403
-6094
-25356
24938
94009
8354
-88051
99706
15499
19946
13393
-20046
-27400
-68940
78321
-36700
-45530
98912
24099
-74663
-64926
48455
-37944
-67733
-65599
-37575
46734
72409
-99547
97034
-51938
-19246
77689
86246
68357
9783
70012
27156
-6139
-28227
41989
65936
-32680
-81292
-78581
89596
19776
24975
-48183
-33718
72390
25688
52726
74477
72916
21408
63942
-59208
-19571
-64227
-58047
-36429
-10345
-39223
-77699
51706
-35318
29600
-61776
94733
13592
57097
97388
97447
4994
-24526
-8769
-37244
-95291
52217
-42761
-79058
-8271
46248
-36685
-26186
15266
98756
-15639
-18588
64258
-83177
-85947
87527
67961
86359
-81749
71135
-92387
72261
-49763
-91017
3846
67315
74835
80366
89454
-86978
47894
-12486
-41448
84842
-31566
33967
25196
-27994
26742
-10888
34782
-91759
19414
-39389
-81536
-3089
-4493
-65893
13837
-83252
41797
48143
-85333
52802
76211
-61840
-96295
31404
53680
-72395
-78719
72384
-12597
-13344
58136
-98085
65434
72188
25142
86990
-7942
-80539
85348
-82144
-21407
72865
77069
-70155
-98304
3399
-7239
-526
99712
-3151
91983
62313
88557
-56997
-44997
91078
-15505
-14884
79243
-42775
90212
13663
-68220
-46824
-19169
-4226
-17013
69451
-3863
-12103
33595
-88525
46120
-75043
24022
-44482
-12597
47023
-65329
77914
56172
-50742
-10499
72763
10577
15554
14649
-79037
-78572
94117
-70430
93456
-76776
48402
99310
59413
-53834
-63182
-94168
18202
27733
-20518
94075
70494
63648
-42861
-13474
-93509
-91296
75917
98909
91510
-37417
-88882
94271
95862
-62173
-60152
19423
-48859
62140
-35791
-9672
39896
-31580
47818
-7289
9640
19249
30520
27759
-5438
46868
15787
-43176
-28418
-89399
-55171
90439
13015
-593
84106
-51440
-75433
-16269
-23737
32884
9864
-31323
-64488
62102
73538
99202
-24120
96660
34280
51747
-19779
-74722
76088
90383
-75620
27552
-19726
-61129
-56297
-823
79080
-80769
-4586
73915
17621
81221
-50337
-24368
68355
91200
-7639
86881
39810
52920
-56637
-33221
5122
-5446
60454
43677
-29059
73991
57912
-41371
-71015
42817
-16360
11275
365
30108
85956
41590
10210
8521
-56729
45900
-30403
77456
-72299
76032
50010
-79926
69129
93211
74806
-48059
-23695
-88781
-23749
-13550
30869
-65101
41227
84869
99235
-83180
-4166
-97733
-97125
48275
50102
62838
-44951
-48833
60720
28975
-84823
7592
-41692
10394
61308
70507
-10230
7575
76912
84653
-41213
56058
-85772
57346
52518
82678
-2144
-58720
-13117
-86827
-83943
-49328
91528
-77065
91608
62480
51564
48452
68528
19547
13388
-54595
85107
-66789
-47543
47906
-48321
83591
-84493
38404
72850
-43512
-67963
46307
16942
-82067
-6711
-97932
-47005
-28985
91012
39804
89162
-5421
87643
-45076
40349
-4712
-36608
-17001
79100
-859
44711
50227
-13893
-53610
-92088
-59886
55900
-57639
96464
77045
-11679
-85471
41072
20786
-72578
54985
-14677
-74566
91984
-97252
-27794
17985
52452
70921
95470
40725
8178
-54595
-25552
9601
40745
-17684
13418
55586
-35140
63314
64241
-84090
37526
-18309
16838
-19909
-15822
51304
-20482
12135
-42530
-27931
-15231
-37708
88785
11091
85249
16743
-81843
28738
-2992
-17716
-86675
-3432
-3630
-17620
33044
-39839
-51831
-51775
-15936
-80096
11336
58957
91719
-35788
-52947
37070
6671
69458
-30632
61713
-65611
-2989
7525
68392
-70626
-11284
22176
42493
-32837
33179
77000
38773
-61131
97046
47105
-1919
83185
42278
50254
56184
-53792
-8883
98290
46131
51004
6548
68441
1639
-48102
40899
26071
-77658
34103
-61088
92752
-40235
-10586
67312
-8697
80151
-30146
54791
83331
-48777
16943
50157
4780
-94130
71509
-18610
11108
97499
95467
38782
60686
-78327
16206
-13492
-60462
-64677
-10935
69687
35136
24011
95678
-6702
-42767
60386
68341
80568
-96226
-682
-20263
26636
-49098
39225
-77640
20802
-97042
30539
1836
71795
-11779
-46563
-7696
2765
26862
4974
78334
-68150
-9431
-8098
55165
-49401
67689
-46719
-16083
22375
-4954
-13580
99065
-6853
-69741
-795
-63631
89410
9243
-73768
-54584
18363
1588
20475
-91273
-46428
-88046
26332
79709
-37774
-98665
98190
96207
97532
74340
-49235
-77387
72450
-81835
-41170
-96136
18881
-15307
-62392
96099
-42707
-47788
42215
-10120
-14700
-16833
-2802
-74440
12915
49437
-1291
-99994
-12234
-94600
38735
-31247
92865
-50233
-34306
-67514
28082
1915
45121
5160
-43733
-82571
-5074
-1715
65177
63822
-958
71493
-52655
20786
87523
-66167
-98610
-52416
-95712
56548
690
-2565
-84325
23069
-88051
67794
90724
18904
-77756
-79314
18891
53137
63962
42460
97218
-37100
15415
-7218
13793
59538
45661
-30159
-59873
-69050
33663
-2431
-23722
-44283
85405
64770
81656
34538
-11812
86624
52814
-82315
55768
97871
12474
51618
13226
71790
-16648
-68481
-31576
67226
32974
84857
-85785
-25210
-17365
53198
-43302
51130
69818
65702
22012
-82688
-74705
-74763
43110
73894
-58640
-20112
9238
93928
-37635
13026
-95748
-7035
-43118
99667
-14448
-56466
9464
64789
91807
16957
-25361
96279
66785
77682
-12844
-8589
-35472
-82193
-74729
11186
-37192
44551
10136
38004
-52233
-98488
-8005
54505
-4542
-97915
4439
45225
-81060
87990
4709
-41012
72730
94324
61263
56607
-49132
-9723
79295
-23061
54398
74944
-59861
26351
-8647
-10594
-73685
-25637
-11500
67964
-17241
50650
81728
-29340
65343
-59167
60934
68910
90113
56772
-67474
-29795
-33461
-18586
-89264
34583
70484
50753
97042
30110
-13729
-80027
-37281
-10857
70891
-75191
-95579
-95487
-29940
-89716
22498
58606
-23986
69900
-48131
34745
67677
16722
5398
-13737
33603
-130
64779
-31927
-77775
93008
85833
-43610
2909
13973
-19444
76099
-217
-87822
-41269
-34829
67870
-71805
78033
-22792
60754
-62798
25552
67883
-32475
79561
78355
-84433
93202
60238
-99170
-4028
25137
68671
-72595
-66449
-36017
-96857
-68987
-75363
-34949
-62466
-38481
57665
-9778
-75122
41115
-96844
-39145
-69571
-71540
-89613
32303
12124
14541
56532
-80670
-27807
1994
30437
96847
-86375
92951
-30328
-47162
-97551
-16621
3248
-73606
-69529
9181
55995
-5839
29483
-10766
41740
-30419
41350
60056
38085
-37773
8750
26749
77756
61155
95988
-46608
-90086
51996
-82543
-57763
-83643
-95960
-78025
-15137
-30937
41992
81706
-83023
54024
27159
2006
88565
-48303
-63064
-39656
-89767
-97071
-65516
58932
-94825
54197
77983
19139
-54339
-85301
-1398
82814
-6846
79198
90961
-95891
54594
-82188
58549
-5140
60033
48661
9572
-242
-54392
19950
1444
-310
53269
-97415
66480
-44471
38230
-67807
-66611
-17968
91400
51440
-90724
12941
-3239
-13698
96848
32227
-37096
91187
-2683
97720
-31604
62713
-9486
94489
-68294
82893
-90078
-34301
-44111
96110
42293
-78487
-56569
52664
31274
37159
79648
-7325
33140
64115
66256
1195
28011
-11719
-71503
36529
96841
-9882
56472
62970
-19157
22866
61743
99970
-7541
70797
-23537
34879
-37706
79720
-14991
47788
27218
-76132
-5360
-61332
-5830
-2905
50218
-54298
76382
-32915
-47041
-29789
-78087
35975
-57307
69983
12939
-22113
54828
40059
28668
-24391
-43095
-79470
17067
79595
-89714
-58354
88348
56346
-40162
-94027
-32651
-29694
8779
33550
48001
28833
-17207
-11476
36282
69814
-20109
89064
72170
55689
2860
-58314
86456
-99292
-49241
56572
59307
-13121
14885
86834
90928
11223
36528
-92300
85833
-54677
30461
-20582
-25862
14424
-72098
-48706
43190
-76765
57206
-90977
80415
72780
16244
47940
-95327
64170
79265
-35215
-439
45574
-28869
-35543
56916
-70647
45729
32916
98830
98883
21489
-78441
-47263
24784
16599
47846
60257
-43982
-28063
-83719
62275
-38988
-60781
14950
83642
-61210
86462
41192
-50945
-10982
-98928
-17533
73545
-54027
-32032
-10115
96564
99547
-66041
20557
-5722
4726
-77168
32119
-13813
-2383
-88199
-63250
50930
-81856
-1653
41989
-28096
22495
86240
24915
-35421
91420
-9583
7563
-30423
6951
-53781
49583
66084
-9492
55170
14261
4669
-2095
-39378
-24241
82523
30779
-54657
-31067
67190
50254
-57952
21587
-35112
-22244
3975
21363
35269
99907
23313
99902
74626
-58083
-73919
34704
27999
-35560
88385
-70376
31097
-40566
-44633
87481
84334
80444
3355
-5859
6536
-85448
24386
20842
-52924
-7474
6107
25055
68391
-59902
-90671
60765
-16233
81528
-19400
-69328
15717
-76810
35753
-37671
-26347
-61879
-26772
13305
-23439
5629
-60383
-1454
53236
94511
99432
-55066
9393
73753
-82213
61566
89364
9892
23211
-44930
19959
-20607
23748
83487
97548
-64084
51181
-2370
25919
1401
-76240
-56150
-90324
61625
47709
95658
-76064
-89914
-75148
80189
-94914
-7442
15362
-25015
78136
-3421
-47206
51488
99318
32456
-36385
26115
-97444
-50737
-68266
-57511
70159
90272
-92357
-5495
-99982
55793
-92350
-36222
-92776
-33088
23114
52640
98045
-52247
-32231
-15991
-60022
94160
33667
-93096
-95264
37540
-8466
3226
-27932
-4423
-86017
97757
-57495
29733
37592
-90366
3573
71768
-95071
22381
42664
-28314
96951
-36965
56567
-86599
62429
83923
23497
-83813
92604
-98933
-28188
-72280
-42489
62435
7996
39410
-45417
-47430
-68486
4486
-63689
-3334
-42110
-47404
64866
-88594
-93687
-89932
91079
30945
37969
-663
-45741
-72824
56801
33122
-25698
-63866
5013
-12619
-28431
33407
-36589
92034
58881
54733
-91541
8089
94671
77364
-7635
27652
-20175
47878
-34831
83299
-96769
31118
81396
35733
52199
30186
81369
-8189
-75457
35251
-88937
-60858
62172
50574
17254
-85007
-86645
95830
-52211
68158
40136
-9465
-72304
9326
26558
48499
-40402
-39461
-4868
15894
20555
65459
97208
63473
7973
95774
-71375
-88925
-70558
10902
64596
-97049
-98231
-72782
15877
21529
-58397
-94918
-26946
-11519
-82986
7376
2300
41190
11442
76368
52741
-74413
-49198
-42689
-259
-45251
-65157
1710
-73265
38262
-21394
-10418
37628
-38116
-95672
-43278
-30048
21260
-44292
-41386
-73170
-16576
29150
-97371
-62384
42071
-36174
54149
-77758
-75682
48338
24645
65621
21724
96776
45996
-25708
-11211
-9746
-22587
93148
83817
63580
56719
-32012
65891
79400
-69594
6582
70551
74374
14557
22346
-67371
99253
30247
57011
96907
-18099
-47101
-92586
14816
-84488
-94260
-40737
-35928
-15802
-4703
-45560
37711
86858
-9538
29820
75890
-35176
29502
70048
-4601
46740
23911
-30805
63587
-9816
38890
-82876
72089
-20522
3245
-80378
11241
-88376
17304
-5965
30317
63406
85417
-35684
39386
38101
-46402
81745
23003
99520
-79430
-14699
83459
-44004
38223
-59665
-69829
39884
37449
-61841
305
-39288
97165
13675
-67885
20594
-2248
-6768
52812
-13923
-92017
82255
24803
-10495
67501
10983
36244
-56214
-34917
-86986
-61347
-92200
-88467
-26732
-28807
-88538
67510
-87543
-56059
41120
66576
-9862
-10884
-44299
-19122
-60220
29124
-77485
14089
46811
-93802
-41030
-81374
633
-11060
47391
37137
86674
-54314
64174
-16615
52822
-56524
2979
-41535
-5902
-22364
-41774
43201
21216
-77306
-82455
-20468
28386
18547
74198
12776
-40115
64370
15097
60202
-24030
1775
-49582
-42219
6913
13310
78761
-99256
80399
-25501
8919
52679
52240
-60829
-18509
-58345
-6544
48110
76472
-90032
16742
82070
39594
36937
88595
-40472
-64319
27812
71629
69872
-95999
-3519
5870
65708
25053
35072
-80939
24918
39683
94765
-61655
-64444
-6855
-11825
91055
88904
-96713
-14316
46082
27897
-1089
35778
34088
-79757
-67087
30895
81973
25642
-4230
97088
-33649
36800
95221
68881
-71191
-43467
48114
76046
-24590
54430
-52577
86565
82994
57596
-87155
99709
-44320
-14718
5459
44708
5020
84434
64844
-38059
-90269
24332
45786
5128
43511
-68879
-52108
72829
70463
-33555
-99781
-11237
-23175
-65926
-51162
54725
15498
-16889
7237
29408
40563
4768
-87767
34084
47522
41161
-23552
-90339
94909
-2731
-27983
-74810
-85883
-32608
-82763
43048
44978
-93488
20677
-91839
51518
87453
13119
-90476
-11058
-78775
-65250
-83508
-50189
91910
-30349
-28020
33537
26026
-95250
18520
96516
79130
-57774
-36439
4572
-3355
-17339
-60031
10642
-48672
51474
62364
38987
-35486
-87092
33617
-58516
-59860
8860
-86529
50265
-63806
-68286
-31716
35547
-91188
-3311
63497
-14682
-48569
32298
55200
-7311
63147
-41568
-75440
40905
33187
76489
-26225
-56503
57317
98359
263
-32032
-75139
-5716
-87656
82533
51014
-58733
-51496
50525
-50084
-92456
74612
-34478
-91538
42221
47495
71658
-29031
-23869
-21821
-80656
-39993
4795
-48650
-85157
59261
-5241
31698
66729
88136
64790
99048
71017
-71751
89443
-92371
-98204
79308
94102
27491
-83780
-89863
58091
-58363
-44269
-13321
59667
-11547
78629
66696
13414
-75318
-29505
-31635
20774
25235
84292
-58055
-11412
35029
-5333
-30178
45232
-80699
55645
-44557
63643
14659
-53126
19732
92110
29379
46472
17595
2299
47038
13597
-89075
-33343
38630
-85016
44491
73057
36323
-72245
46807
22474
75982
64906
-71819
-5497
45982
-64718
30534
-11613
8828
57716
-16129
86960
-5926
83567
47058
-98509
-14902
-91395
-74224
17991
47743
-12409
-13997
-58204
-92879
25879
62712
11473
-84959
61617
988
83289
-99871
-33686
12165
17664
-89745
69699
-81727
-63104
-96219
61340
37808
13094
93764
-11392
99583
-31885
33700
24699
46443
67828
-12341
17715
45090
87183
34161
8422
-90189
63577
83252
67724
53980
27015
74529
91900
-15913
31950
-91215
-42544
99432
53360
61455
64179
20185
-30468
64146
-72599
54692
71768
33141
40353
26005
65825
-6933
-1781
-27890
-36676
10203
-99136
-52329
-83078
-26223
-50817
54835
-79791
-21526
71819
88414
-89065
-20216
-64079
-36446
-89287
-31664
24076
-9113
7929
-85760
-74758
58884
-32679
-46524
-83933
31561
-53741
4848
-12859
-22573
-65388
-6948
-62202
4850
-66387
69491
-12424
15856
89456
73222
-27479
38318
29207
65558
3589
62119
-42173
78892
-91476
80815
85482
28885
-8185
-24055
-63918
39567
57861
-26337
-92547
-57847
42547
98803
78989
73164
-69515
-31617
26977
38012
-61034
84158
-6844
-54671
49093
2390
-35390
54293
-56544
99244
-91301
-80711
9752
-19214
30752
20968
46171
-92986
-87139
14737
-70836
-27015
-28854
-76948
-60111
-27281
2557
15228
-32389
-2259
-9284
86180
-91047
44433
-24174
52322
-21609
-33955
3168
-26541
73168
-95033
-47747
99132
-78518
-65250
1647
2524
-80205
-1885
-49422
50969
86194
42132
-63574
-74879
-14655
64082
-91696
68579
70673
39807
-55931
-13129
79780
-91417
74351
52967
70479
-85923
8661
96038
47101
65349
-74789
15480
10182
-25363
-34356
-34474
3184
-40087
53426
51854
-62789
48797
-50977
68631
35607
-54971
43840
5433
-50595
74371
-56017
-53648
40475
64482
7598
85143
-86692
-62081
-6420
-73543
52128
-93896
-32396
83962
24719
-40911
42826
87640
65380
29954
-4550
26229
10295
-25150
18501
99629
37335
-44515
-50993
-68045
28153
3559
-54100
-50547
-47159
-82983
-45937
-41580
-47505
16313
28664
-13256
8016
22940
89664
20933
-5706
17933
-34124
-36099
31964
1722
-18871
66079
206
-38399
86448
51276
-41879
-55648
83172
7757
-31304
77378
-61997
23111
37630
54885
-18535
95736
9704
32577
39308
-83919
-63648
-84314
10499
42472
39201
14945
81619
98226
-42403
58329
78219
-66397
79385
3523
-52936
-46909
-77916
-15665
60253
65842
-33399
87871
-41404
31996
-14808
-68769
-39489
92386
-97840
3348
-41247
84843
36293
-9189
27478
-33455
-29387
72198
52201
-58931
-71643
74501
62623
-97668
79614
96866
-47642
68469
11816
50706
-6347
97049
-64962
-2354
-20766
73222
-60602
73421
32656
95264
-16128
-16130
-7216
-11675
-3430
-2954
27068
-4830
72937
16910
-32243
-63246
-99551
-36742
-81570
-50288
-97380
-50237
93664
6400
41169
-63763
6896
-1151
-51843
-9887
77972
1701
99815
-66410
-50189
-14734
8694
38847
33006
98820
13609
-54268
49982
86487
86061
36085
-72359
25102
15124
22659
74201
879
-84480
4474
-55523
45891
-89756
23220
-54527
-64649
59317
-58779
90139
-7476
8320
45529
-37407
48684
-50092
39595
44193
48613
-24462
-71052
55012
47244
-22455
-37505
-29051
22048
-6398
9519
-17176
97850
-64723
50586
30386
96193
-83358
-17518
-85352
-38474
-32537
85520
12579
-41717
95047
16174
96733
29091
16122
50472
34633
65489
41103
43682
-42433
-33474
53171
-57001
-44322
42821
-59525
-23908
-57673
3253
-55197
-94678
-19802
96318
71701
-92700
-41760
530
-51005
3613
54519
37329
-57039
-51917
39547
-5571
99723
-10118
56882
28447
9861
-31537
-94825
-53334
-89787
17755
-97020
74624
-39742
33439
-74078
96359
39478
-76899
42851
-72273
-82808
7684
-38783
92633
-32846
-90200
44241
-29003
-38996
34306
48050
32791
29296
46202
43631
-14422
-95268
65666
69678
-82239
-68516
75584
-15545
25426
63034
18400
-83957
82224
29354
-26856
-35630
63848
-98641
-51665
-13605
95830
86651
17674
-74373
87056
-64855
18835
60450
69824
-91278
63814
79091
76098
-20337
21849
-37862
2793
94655
76209
-56175
32520
-25463
-28222
-65936
-27631
-42354
82554
55495
66002
7883
69087
31987
66741
-70758
68382
12467
-5331
75391
-92445
29368
-91785
-37499
-70428
-57755
71151
57879
-25607
-14729
96181
-6844
-48727
90309
12939
67552
22492
87902
45443
-2767
-7022
-75618
-12911
-46720
-3010
-7893
85085
3549
57043
4624
-35635
-33097
77191
63625
86914
89156
87235
98490
-86482
70393
-7470
-24991
-17174
52889
-34054
59443
74044
77739
79079
-78618
19243
87647
-34741
-4705
-99026
4266
54109
80905
96075
-49657
-99486
3620
14585
47954
65570
-73641
72019
58184
94160
-9019
64537
15502
60867
75485
-96429
40628
19430
-92741
56614
42876
-28677
51959
96805
-90067
-12618
9660
-86731
-61559
13001
-28884
-60431
26003
79121
-50962
29131
-4818
-32041
-88258
-34815
94424
80610
22121
-42543
41282
-3460
28369
79279
78097
79268
-62741
-91183
-11188
-64174
22797
-23687
-61946
-35156
-41570
-19159
34629
-49408
90416
-97981
657
-81478
-32884
16276
24993
10210
76554
-59411
94815
-80015
89748
-90934
40708
-95684
-65397
-72093
-36187
4827
6345
18736
-25151
-18672
-29347
69636
33688
19446
24283
-67320
6797
23862
-7386
22519
-28400
-35194
-16906
95507
-4989
-95273
-14491
44593
37778
-76046
24231
-5512
-41744
71182
53177
-41369
62061
86230
40656
-77284
97734
19167
-61182
40485
-44334
12925
-58687
3445
-32267
13120
-42964
13963
-33024
-83153
25568
-4046
-91479
27160
-39023
-84318
-18281
6785
-42830
86119
-82009
80442
89010
-81370
-70447
10435
75046
27034
85355
-29576
-22586
-46084
-70249
-49313
38345
1649
-33221
8397
-77541
-32519
-78831
-37373
-23430
30482
83519
-75524
-85002
71238
57989
48780
74208
57137
-16167
-16661
-53052
64755
39823
55220
-50766
75826
-32186
-49911
-72604
95802
-4864
10215
12904
75146
96081
82359
52181
-26635
34221
27640
74346
-48414
-75246
-24668
22814
77007
-20805
30876
64425
-65249
-17482
-35382
21069
-77536
-4260
56012
-76281
-72429
-16604
-47124
25239
-97716
-84849
-6037
-55800
-68322
44794
46163
-22068
-41794
22738
-41395
-3862
74940
-65970
53691
31579
-27044
22645
22572
-72621
2607
-38829
-78137
58783
-40540
-86069
34943
58268
47816
-60836
64698
29038
-1391
50547
85458
86209
94981
61678
-10975
67536
39466
-42497
66966
96960
-40096
-39096
-33673
25035
-25718
-80151
-30191
12899
80763
-49923
87759
51455
-65480
-34577
-68938
-75174
-34651
17172
17536
43916
-34349
43611
-57206
-67215
61403
-85708
-58321
-21965
-68885
55471
-31405
-17211
-8144
46429
82639
-74172
-19445
30514
-14493
63258
44978
283
-69892
-21286
91655
85352
-81947
12916
-89133
20315
67233
85712
-75357
85415
74337
30469
-58116
56787
34910
1198
-95862
35494
4906
-4771
89945
-92966
-45596
41703
-92160
98931
-4809
-68197
-45541
24441
94039
39333
66750
-53879
42428
33918
-61569
11728
-52200
-67563
-65695
94615
48918
-56400
-36455
68514
66759
59474
80172
-24406
30920
39989
49708
-77024
-27805
-51138
-13545
-77008
-63617
-5451
38566
-48238
33029
65222
-3678
63395
-94663
15991
87834
81221
11136
16925
-66784
8591
19237
-91501
38366
-78896
10541
-64653
19015
-83238
-92182
26813
98885
98726
-32123
-91029
49444
64966
-10741
-22936
-11580
21828
5352
7504
-78575
-37178
-32629
-56450
94471
4348
-21015
-80240
-70630
80504
32960
58167
-54931
-85176
-19716
-21843
31764
-22463
-68091
11629
-82768
34248
-40140
-62863
25042
-86807
40301
38315
-65233
-96210
1534
77551
99306
-70855
72336
-2711
33002
66486
47116
74950
82977
-34927
60759
82097
21599
-85344
-71354
-75464
95200
57164
-77197
-3129
64612
34533
-24179
-85881
79139
48058
-2847
-85635
-27560
-76420
-73690
-92762
81160
-85988
-11288
77490
75331
-90686
-88725
7258
-90227
-93196
-1589
12869
-35302
-23371
35892
44347
-82884
-43549
-46485
-60156
-34960
55869
47381
86406
-39538
50492
-29581
75950
56767
-81889
-29246
-98951
16375
32454
36498
18428
24157
-20806
87698
-93739
41713
5966
-10986
83137
53782
-32406
-97927
-81156
-37158
66823
-3297
-88795
-31091
41221
70297
-30879
8593
53082
-50609
55631
-88510
69549
29598
-26323
-329
-74698
-30548
-96069
78742
-12876
-7495
34089
-11464
45176
47367
13397
42576
-23953
68660
9804
-55359
-38992
-24710
64630
66944
55906
-91632
-58975
46511
1558
-64694
-14810
-77400
92217
-66468
-41752
39696
-59634
-86467
-49366
56826
-64290
82574
6777
33821
-11003
67894
98538
-7082
55403
6586
62509
-64479
45743
59932
-58615
51584
91485
-85192
54887
-72714
57209
86955
88402
40198
52198
7864
19526
-14693
-60766
-39417
-32065
46957
-74601
6681
81487
70462
-3951
22800
68529
32298
47703
92980
40742
45911
32595
-13804
-73999
-3050
-76901
-72767
45404
-32642
-35313
-84481
-18236
19819
62795
-76074
25745
42132
-30428
84638
61731
26170
29370
99952
-23943
-3200
-61129
-35542
-94845
-64500
-22028
94433
97245
-19330
-3421
-62794
-96203
-70755
5216
-98935
-53504
91518
-58246
-37155
52082
21980
-79964
48718
3717
17201
-98397
-29075
98352
26952
63692
-27620
-40949
-57295
24865
-14153
83870
15390
1486
43987
85420
-27496
24437
-25918
-3547
-83754
-74043
-598
21741
82243
6331
-81290
-7743
98298
-81156
-75767
60429
84182
-41129
-69767
-48700
35215
-74877
-37164
92336
-88488
-43159
-76188
-67834
-82755
-66037
-96750
49410
-31357
-79332
-57756
-41149
14926
-39694
62473
-97733
18417
-2916
-37200
22052
-5002
1422
59432
-82251
-82893
15964
-11524
-46051
94996
-95566
-74414
-64399
22558
57128
82914
-20728
29790
54452
-88945
-8734
2540
-6470
-22463
29262
26347
5036
49219
-75682
-57599
20586
-70557
92821
-86862
-90766
94062
-16999
24436
-68385
-67097
-85670
-95089
33059
40359
5504
49788
59149
-50196
27972
-59361
-19694
32531
25079
-85801
25397
-30699
30472
91364
-91946
51105
-1638
-81843
73016
46129
-51340
2806
-31096
-84769
42648
-49193
-50480
-64193
-79086
-49520
86268
-89945
-23586
-77647
95717
94824
11636
61471
-79355
-94491
-47741
8726
-43021
-73647
65716
27420
-83358
-44803
93745
42228
95907
-86025
-39902
79184
-76993
-75801
42647
-32596
63953
98617
-22355
-43526
-37813
26366
89521
-36356
-16418
16263
-15883
53124
24055
7238
-75610
-67516
46384
93087
-66133
71901
-99782
-8245
10022
40058
67693
-96418
20003
-31393
-96648
-49999
79022
-79319
38635
11226
16226
8058
64301
-86387
27329
-99321
78616
34526
-43511
-46671
19028
86667
-42204
31632
3935
87720
63561
-86435
-42209
85130
14216
-31621
-97547
-5710
-30641
66667
-75339
-31100
-28633
95150
-81726
-43748
-10128
51300
65992
11577
30943
-31625
-80525
26494
76132
63993
-44777
-89859
35252
-11677
57588
-87276
46433
72664
-16704
81689
-45397
78929
69364
58831
-47675
-40770
-86090
50038
-58534
-95111
-37872
7827
-73324
-62947
-10896
23847
56949
54848
8534
61953
12114
95628
-37343
-35990
-3269
94372
-67222
-4028
-3468
-43074
-42259
-21212
-43988
-18976
-44214
8832
-22439
-76445
18228
66312
-15455
95683
-95795
-35809
53803
45083
1865
-42068
-30406
-93751
-22215
57855
-28936
98974
20579
-44001
38606
24275
-87476
-21464
81214
44283
-49401
-24587
-20796
426
36214
-7806
3919
-59859
-74133
-54119
99213
-23049
-96760
-18031
-37936
-78549
-98007
-42103
48340
38418
29075
75353
13449
67096
98107
84718
10554
75415
-54774
62415
15988
40893
-64783
70963
-24491
-27129
9130
-51266
-67302
