-6334
-6827
-4453
1316
649
6072
5879
2612
-6917
5344
1199
-7363
3209
5387
5073
9128
593
5528
4472
5928
2500
-3117
-8973
4182
1511
-6447
6964
505
3360
2481
5788
1538
8391
5651
9512
3573
-9584
-3683
7435
-6389
1806
445
4680
-6996
8007
6656
2985
-3925
-7955
782
-3534
1105
-4572
-760
7997
2412
8111
8648
-5118
8770
3380
-4550
-4768
2561
-9671
4481
-3329
-4471
-5246
-6167
-9126
892
-2273
7978
6182
2539
3832
6894
-1493
-8356
9006
-5522
8786
-2052
3775
-7291
842
-8792
4800
-6211
-3568
-416
8456
-7244
9195
5147
6498
6682
6476
-706
