75843
55109
13868
-16671
91040
-45617
-73906
-96310
99096
-31755
78129
85183
-93564
48266
-9301
53805
-94771
-88307
38805
-83085
-56786
-96745
16219
-39238
70000
47291
64736
95556
24322
-713
-23335
-52623
8894
21442
-84721
55549
9647
52537
61264
52364
46889
-74010
98102
-20908
-78546
-30356
-35849
69884
-97457
-53064
14164
-33016
-53828
25472
-56968
40205
56232
7054
-33221
22906
-30860
24594
-46345
-35409
99620
-99051
73671
-50177
16467
-26141
-44616
-81772
-55443
-26337
-94598
-82750
-18022
43070
71958
-45508
-71607
-10431
69756
41768
-84926
-78044
-39139
-84729
31873
-65002
16385
-75126
-66158
-58614
37641
90822
12333
-73537
-34437
-62010
36892
-46335
91069
87855
-7953
52610
-75790
50093
61619
-54248
-38437
-63871
-29647
90512
72744
30358
6378
67328
-3210
84796
-81526
69721
8723
-19622
-41786
35199
-25054
88904
48117
-72767
26930
-97904
56299
55166
-89699
83444
-38964
53490
90678
-45127
59084
36356
-54505
-14701
-56400
-43200
45800
-11479
-88603
-19908
-90610
32828
-72198
67274
-91988
-13908
50531
-95546
70480
-58473
35633
-10522
54774
82932
-48759
14229
31107
23479
-89731
73736
84154
-20465
96607
-85358
-46818
-55430
71561
62899
-9732
-87261
25557
21396
-2513
43468
-79193
-42532
-94731
-95086
-10217
88824
81180
12945
92139
-60252
31500
7744
61396
-98560
-67579
35766
99264
-74692
-72210
11582
-29357
71674
57273
-34762
-73461
-72894
-13566
27276
-56627
30147
-38414
1438
21675
10116
-70159
-5675
77325
65353
-45276
54856
12573
-75675
13095
31221
-19114
28897
5305
71276
-3736
68055
1831
-83090
-18557
11871
56290
-67213
-17623
90229
-10789
85976
-54878
-49741
63308
-82518
-57270
23585
230
-20060
-74377
73595
41272
-37101
-84841
67893
-44772
-25508
-36280
98723
-72468
35808
52062
76669
-34224
-69486
-40135
-17551
-76455
71178
-95411
93567
55839
-25860
-50821
55800
-73598
51325
-20713
16155
14447
-5788
65791
88807
60935
89863
-71614
-18397
-38611
-2935
-52060
50407
26814
-70987
-67087
-89990
93335
97118
39864
-46113
740
31505
83204
-43137
96921
-62811
-97610
-56586
-73987
-22686
-69000
29992
-33691
-30171
-55102
-35710
78117
-76100
83290
-59156
-49892
-48460
-4032
79180
-34825
19138
-76615
78337
-36850
3177
-7503
53440
-83358
-67826
945
-7444
-31077
-89914
30626
93956
-35846
-53610
15530
-54222
19667
35868
-69432
14862
-16063
53489
-36181
-74237
-42014
-73516
-37236
35925
92638
-48679
17491
55445
27702
95841
-24374
-19464
-99987
-65744
-23398
90604
-74402
-11143
-80419
-97952
-19372
-17654
-74345
-75010
56951
-75037
-72751
84258
-83304
-98798
63397
92912
-82299
42575
82080
20284
61825
-24774
-84227
40260
50032
28630
-57585
-12828
-36838
-80608
-11973
72036
-247
-56315
48521
36510
-1710
99124
51149
26723
48753
-43060
71460
28553
-90851
-20441
20791
58360
40655
80331
-91961
-42151
-28989
-98712
-82763
97723
25698
-1829
63299
92743
-85006
38800
-11753
-24388
-98100
-96306
70845
89306
29183
51964
46848
-25066
22008
-45540
-69379
60376
91794
-51291
-52979
-16175
-40733
34735
-99324
-75848
-60415
4894
-90618
-89114
-44834
-86538
-54407
10783
74921
31218
-46167
-22284
30093
-85053
43652
-99325
32834
27018
7242
-34635
-99936
88112
53639
-12284
3079
-13295
-50171
-17653
-24914
82589
39097
4384
97664
41469
97653
22971
-51994
-57334
-22133
-76491
71939
-9642
-10889
-98561
-7209
5233
25105
-94983
-98594
96191
-74392
-87373
54775
-39020
26525
-43797
-52817
32707
-25191
-40283
79688
50293
-71809
13108
-78964
-9446
-89825
-56219
55897
36844
14854
98540
-40562
-54506
69607
-15510
-55027
-38966
25177
-56408
-36481
-43260
-99239
-36907
63308
-84616
83694
-57718
70645
38530
36170
25864
21147
22592
89271
-12189
33781
-46283
-37306
-43452
51213
42442
-549
77059
88316
-75062
16206
-72297
-8687
-65701
-74952
-83678
26842
99002
43528
-84763
-8130
30358
-302
70911
-80540
-86388
15262
75000
39005
-89742
-48238
95778
87414
6202
27999
46794
70096
64622
-61299
-63350
-62695
46776
82148
85353
-68614
57409
-51815
-88753
-23324
72061
-12847
58398
-27712
4916
67954
60096
38281
-27438
72941
55956
-21484
13691
47665
60794
-50217
85662
58933
85545
-58433
-43796
-32312
-16443
60874
44828
-29895
-53592
9901
48657
84350
73096
80374
11927
-40552
60152
-77152
52409
-92995
-11312
13864
-98127
43004
-46026
72565
35784
90370
73028
67675
-58709
50141
-28887
95945
-77722
-99328
57560
67686
-22826
-76354
-63633
-81064
-56670
15732
72815
57721
-84550
-11957
99562
2228
-14889
-26840
63473
41590
-55467
-2180
84675
48194
-83627
88392
58034
24416
-34978
55423
54415
17895
71003
-6483
15905
62767
-17461
-34316
-53709
6313
-14569
25188
-53944
205
-88527
-61458
96031
-80061
9363
86633
5565
95459
-34573
-8714
-27524
8695
24142
14646
29164
-10448
23356
25507
28773
-3205
-74628
96673
-62335
-76299
32784
-36177
38877
65811
86207
-79284
95411
-11108
95815
17012
-29124
71533
-696
29746
88546
42036
-771
98529
82332
56761
68772
21958
-55947
47869
-5425
41053
90720
39730
60886
89362
-36282
-12807
-58602
-595
42162
78617
-42621
-50252
-15478
26324
-59598
4221
-57250
86764
75765
61375
-46727
-48780
-53532
93861
-90668
-73303
-55042
-38987
-11281
63282
-15604
55494
35722
-77920
31550
-34578
-39965
-74505
-431
37959
-92501
-6602
-67364
-32434
-47272
-33033
26981
67604
-80614
-71427
-33565
60306
21810
85526
91314
-4488
-44334
-85517
-851
6535
36569
14670
13698
-23398
-61353
-72293
41623
40560
-58534
10944
-71910
-95116
-75591
-35145
35375
-50364
-41144
56972
-65360
9472
-43450
11181
-50761
53672
-97995
47928
-2061
47912
-75348
-49113
66372
8958
14943
-41243
-39550
78129
36241
3746
75421
-83960
91770
-75947
72551
92508
-77045
81102
-52811
-78267
-17470
-85199
-14210
95799
27875
-61956
-89321
79825
88026
-14096
26520
-36064
18211
46430
52791
-95709
68455
-20430
-95144
-99500
-4256
-55891
-2207
45223
-54396
73833
-86260
-88040
53726
520
-27118
77180
2431
23311
-58460
-91498
-8739
-6956
-52920
-97374
84492
79983
-74816
38427
91889
70941
-18218
40022
27630
-22998
35872
-57538
1055
-69130
-13625
-7553
-89750
86096
32204
-92231
43980
92819
-19906
58204
-75442
70908
26804
-68460
78691
-94125
-73143
-35100
-8908
-73740
-82678
65105
35691
-46186
-80369
22643
75129
12516
-20504
-110
64199
-71603
-98078
-76064
-81886
-11240
92444
-12206
53233
4312
-17199
15127
55533
-65852
96922
34523
-27863
57950
42674
81508
94667
57168
83052
32805
-54235
27037
-94560
-34622
-91983
1178
-2282
99471
6272
13967
-55939
-52030
39676
-6547
-8178
-85858
-76075
-14196
-21355
28072
-81955
88227
31378
-40163
23808
-25132
-865
15955
-36741
37609
-913
-43177
45349
26332
-50267
87999
11962
92407
-90890
